AAC_A,AAC_C,AAC_D,AAC_E,AAC_F,AAC_G,AAC_H,AAC_I,AAC_K,AAC_L,AAC_M,AAC_N,AAC_P,AAC_Q,AAC_R,AAC_S,AAC_T,AAC_V,AAC_W,AAC_Y,class
9.03,1.94,4.52,7.74,1.29,9.03,3.23,4.52,7.1,7.74,2.58,4.52,3.23,5.16,6.45,2.58,6.45,5.81,3.87,3.23,nonDRNA
10.82,0.36,4.64,9.82,3.0,3.27,1.36,3.82,8.91,5.09,3.55,1.73,10.91,6.91,6.27,5.45,6.36,4.91,1.18,1.64,nonDRNA
7.04,0.47,5.87,9.39,5.63,7.28,1.17,5.4,9.15,10.56,1.88,3.99,2.82,0.47,6.1,5.87,5.16,8.45,0.94,2.35,nonDRNA
5.0,1.33,6.0,8.33,3.33,7.17,1.17,8.33,9.67,10.33,1.5,5.17,3.33,1.67,5.0,5.17,4.5,7.83,0.5,4.67,nonDRNA
6.31,2.7,4.5,9.01,1.8,6.31,1.8,9.91,12.61,8.11,2.7,9.01,2.7,1.8,1.8,4.5,2.7,8.11,0.9,2.7,DNA
5.19,2.16,6.28,6.39,5.52,3.35,2.27,6.93,6.71,9.63,1.52,5.3,5.09,4.65,4.87,10.5,5.19,4.98,0.43,3.03,nonDRNA
10.57,0.91,7.55,4.53,3.32,9.06,1.81,6.04,8.16,6.04,2.42,5.44,2.72,1.51,3.63,4.53,8.16,10.27,0.91,2.42,nonDRNA
12.93,0.73,6.74,4.92,3.83,8.38,4.01,4.55,4.19,10.2,2.73,2.73,4.74,2.73,6.01,4.92,5.28,7.1,1.64,1.64,RNA
9.24,1.62,5.08,5.54,3.23,6.47,2.54,3.23,4.62,11.55,2.77,3.23,5.08,6.24,7.16,6.24,4.85,8.31,0.92,2.08,nonDRNA
17.36,1.39,5.79,4.17,3.47,10.88,1.85,3.7,1.62,11.81,1.16,2.31,4.86,3.7,6.94,4.17,5.56,8.1,0.46,0.69,nonDRNA
4.81,1.92,8.65,5.77,4.81,6.25,4.81,7.69,8.65,11.06,2.4,3.85,4.33,4.33,5.29,3.37,3.37,3.37,0.48,4.81,nonDRNA
10.65,0.2,3.75,8.48,2.37,7.69,0.59,8.09,3.94,9.86,2.56,2.96,3.35,6.51,6.11,5.92,6.11,7.3,0.0,3.55,nonDRNA
6.34,1.12,5.6,5.6,5.22,19.03,1.49,5.6,3.36,8.21,3.73,5.22,2.61,3.36,4.85,6.34,4.48,4.1,1.12,2.61,nonDRNA
9.67,0.71,7.55,6.13,3.07,7.31,4.25,9.67,6.13,6.84,2.83,4.48,4.01,2.36,3.77,6.13,5.19,7.31,0.24,2.36,RNA
13.45,0.0,5.88,5.88,1.68,6.72,2.52,7.56,12.61,6.72,0.84,4.2,0.84,1.68,7.56,5.88,5.88,6.72,0.0,3.36,nonDRNA
10.07,1.01,3.69,7.38,3.36,9.4,2.35,8.72,7.72,10.4,2.01,4.7,3.02,4.36,2.35,4.7,6.38,5.37,0.0,3.02,nonDRNA
5.53,0.92,8.29,6.45,7.83,6.91,2.76,4.15,7.37,6.45,2.3,5.99,5.07,5.07,5.53,5.07,2.3,6.45,2.3,3.23,nonDRNA
15.27,0.99,6.9,8.37,3.94,8.37,1.97,1.48,3.94,10.84,1.97,0.99,4.43,2.96,7.39,4.93,3.94,4.43,1.97,4.93,nonDRNA
11.02,0.85,4.24,5.08,0.85,5.93,8.47,5.93,1.69,13.56,4.24,2.54,4.24,5.93,3.39,6.78,8.47,4.24,0.85,1.69,nonDRNA
9.21,2.63,5.26,3.51,4.39,10.09,0.44,3.95,1.32,8.77,2.19,6.14,5.26,7.02,3.51,7.89,7.02,3.95,2.63,4.82,nonDRNA
8.59,0.48,8.95,7.26,3.99,3.51,2.3,4.59,5.2,6.17,1.81,7.86,5.68,3.63,5.44,8.71,7.38,5.2,0.24,3.02,nonDRNA
7.19,2.16,3.6,2.88,2.88,9.35,1.44,2.16,6.47,7.19,2.88,1.44,3.6,5.04,2.88,12.95,8.63,5.76,3.6,7.91,nonDRNA
3.18,1.27,7.64,13.38,5.73,7.64,0.0,9.55,7.01,5.1,1.27,7.64,3.82,3.82,1.91,7.01,5.1,5.1,0.64,3.18,nonDRNA
10.08,1.61,7.26,4.03,3.23,7.66,3.63,4.03,3.63,9.27,1.61,6.05,4.84,3.63,4.84,6.05,8.47,5.65,0.81,3.63,nonDRNA
5.13,2.15,4.3,5.96,6.29,6.13,3.15,5.63,5.63,9.44,2.48,4.8,6.62,5.13,4.47,5.79,5.63,5.79,0.99,4.47,nonDRNA
7.89,1.01,7.49,8.3,4.25,5.47,2.02,5.47,6.68,9.11,2.63,4.66,3.04,3.44,4.86,4.05,6.48,6.68,1.42,5.06,nonDRNA
6.92,3.57,11.38,4.46,3.79,11.61,1.79,3.79,2.9,5.36,2.46,4.91,3.12,3.12,2.01,8.04,8.71,5.36,2.01,4.69,nonDRNA
7.07,0.13,3.66,4.55,6.82,8.71,1.89,7.83,4.92,11.24,3.03,3.28,3.54,3.66,3.54,4.55,4.67,8.33,3.66,4.92,DNA
6.28,2.81,4.55,6.06,3.68,6.93,3.25,4.33,5.63,10.39,3.68,3.9,7.58,3.03,5.41,9.74,5.19,5.19,0.43,1.95,nonDRNA
3.58,0.28,7.16,5.51,4.68,7.99,5.79,8.26,6.61,6.61,3.86,3.58,6.34,1.93,3.03,3.86,7.71,7.44,2.2,3.58,RNA
1.71,0.0,4.27,4.27,1.71,11.11,1.71,5.98,9.4,9.4,4.27,4.27,4.27,1.71,11.11,5.13,9.4,8.55,0.0,1.71,nonDRNA
9.94,0.56,6.57,6.75,4.69,6.57,1.13,5.07,4.32,12.01,2.81,4.13,4.69,3.56,6.38,6.57,3.56,5.63,0.56,4.5,nonDRNA
5.26,1.97,8.55,4.61,3.29,17.11,5.92,7.89,6.58,5.92,1.32,5.92,4.61,2.63,1.97,5.92,3.95,5.26,0.0,1.32,nonDRNA
5.23,2.29,6.97,6.75,4.36,8.61,1.96,6.1,6.97,9.8,3.81,3.49,2.51,2.94,5.99,5.77,6.32,7.52,0.44,2.18,nonDRNA
9.52,0.68,5.44,5.44,5.44,8.84,5.44,0.68,7.48,12.93,1.36,6.12,2.72,3.4,3.4,4.08,1.36,12.93,1.36,1.36,nonDRNA
5.17,0.0,9.05,6.47,2.59,6.47,3.02,3.88,4.31,17.67,3.02,3.88,3.88,4.74,7.76,5.17,5.17,5.6,0.86,1.29,nonDRNA
15.28,1.04,5.9,5.56,4.86,13.54,1.04,3.82,7.99,6.6,1.74,2.78,2.43,2.08,3.47,4.86,4.86,9.38,0.35,2.43,RNA
3.45,0.0,2.76,6.9,3.45,6.9,3.45,4.83,11.03,9.66,5.52,1.38,5.52,4.83,10.34,5.52,4.14,6.21,0.0,4.14,nonDRNA
9.59,0.37,7.01,7.38,4.06,8.12,0.74,8.49,8.49,8.86,2.21,5.9,1.85,3.69,3.32,4.06,7.38,5.17,0.74,2.58,RNA
7.47,0.16,5.25,10.97,3.97,6.2,1.91,7.95,8.9,10.65,2.38,4.29,4.29,1.91,5.88,3.18,2.7,6.68,1.43,3.82,nonDRNA
0.0,10.84,3.61,4.82,0.0,9.64,2.41,3.61,4.82,9.64,1.2,7.23,2.41,3.61,7.23,4.82,14.46,4.82,1.2,3.61,nonDRNA
10.39,0.0,3.58,7.17,2.15,6.81,1.79,7.89,8.24,10.75,2.51,3.23,2.87,2.15,2.51,8.96,7.17,8.6,0.36,2.87,nonDRNA
10.06,1.68,2.31,5.87,2.52,10.27,2.94,2.73,1.68,14.68,1.05,1.47,7.13,5.03,7.13,9.43,3.56,7.76,1.47,1.26,nonDRNA
7.73,1.6,6.13,6.93,3.47,7.47,2.4,7.47,5.07,7.2,4.53,2.4,5.07,3.2,4.8,6.67,6.93,5.87,1.07,4.0,nonDRNA
8.22,0.0,2.74,7.53,3.42,15.07,2.74,4.11,11.64,8.22,0.68,5.48,3.42,2.05,7.53,5.48,4.11,6.85,0.0,0.68,nonDRNA
11.32,0.63,5.97,7.23,2.52,7.86,0.31,7.23,10.69,6.92,3.77,4.4,3.77,2.83,2.52,5.97,5.03,7.86,1.26,1.89,nonDRNA
11.54,0.0,4.55,9.09,3.5,4.9,0.7,6.99,6.64,7.34,3.5,3.15,4.2,3.85,6.99,5.94,6.99,6.64,0.0,3.5,RNA
9.32,0.85,5.08,5.08,0.85,9.32,2.54,10.17,9.32,7.63,2.54,1.69,3.39,1.69,12.71,5.08,5.08,5.93,0.0,1.69,nonDRNA
1.7,1.7,8.52,7.39,7.39,5.68,3.98,8.52,9.09,6.25,2.27,4.55,5.68,0.57,5.68,4.55,3.41,6.82,1.14,5.11,nonDRNA
14.08,2.43,3.88,3.88,2.43,11.17,1.94,3.4,4.85,9.22,2.43,3.4,5.83,1.46,4.85,7.28,5.83,7.28,2.43,1.94,nonDRNA
12.94,1.62,5.5,7.44,3.24,9.71,1.94,7.12,4.21,5.83,4.53,3.56,3.24,3.56,7.12,3.24,3.24,10.68,0.0,1.29,nonDRNA
5.93,2.39,5.77,8.57,2.39,5.6,3.46,3.29,7.25,7.58,2.31,3.54,7.17,4.61,7.58,9.06,4.53,5.19,1.07,2.72,nonDRNA
8.36,3.17,5.19,6.34,3.17,8.93,2.02,8.65,6.63,5.19,3.75,3.46,5.48,3.17,4.03,3.75,5.48,10.09,0.0,3.17,nonDRNA
9.45,0.98,6.19,7.49,4.89,6.84,2.28,2.61,5.54,10.42,2.61,2.28,5.54,1.95,3.26,7.49,6.19,8.47,0.33,5.21,nonDRNA
11.67,1.19,5.24,5.95,4.29,10.24,2.62,4.76,4.29,8.81,4.29,2.38,4.52,3.33,4.76,5.0,5.95,7.86,0.48,2.38,nonDRNA
8.43,0.6,9.64,6.02,6.63,7.83,0.6,2.41,6.63,6.02,4.22,4.82,3.01,1.2,1.81,5.42,9.64,8.43,2.41,4.22,nonDRNA
16.28,0.23,7.21,6.74,2.79,6.98,1.86,6.51,3.02,8.6,1.63,2.56,4.19,2.09,7.44,5.12,4.65,9.07,0.7,2.33,nonDRNA
10.59,0.0,12.94,8.24,8.24,9.41,2.35,7.06,8.24,5.88,3.53,2.35,2.35,2.35,5.88,3.53,4.71,2.35,0.0,0.0,nonDRNA
3.48,4.71,3.48,9.63,3.48,3.69,2.46,3.69,7.79,10.86,2.25,3.69,3.89,5.33,5.53,7.99,4.1,7.99,2.25,3.69,nonDRNA
9.36,1.23,3.99,5.83,1.53,7.67,2.91,7.36,2.45,7.06,1.23,3.22,5.21,9.36,6.9,7.67,5.52,7.36,0.92,3.22,nonDRNA
5.56,1.04,7.64,12.15,2.78,3.82,1.74,10.42,7.99,5.56,4.17,2.78,1.04,3.82,7.64,9.03,5.56,5.56,0.0,1.74,nonDRNA
7.14,0.6,8.93,5.95,1.19,4.76,1.79,5.95,5.95,11.31,2.98,3.57,4.76,5.36,5.36,5.95,4.17,11.31,0.0,2.98,nonDRNA
9.58,1.15,8.05,6.9,2.68,6.9,2.3,4.98,6.9,12.26,2.68,4.98,4.21,1.92,4.6,3.45,5.36,6.13,0.77,4.21,nonDRNA
10.17,0.0,4.07,9.83,2.71,7.46,2.03,9.83,8.81,8.81,3.05,3.05,4.75,1.69,4.75,2.03,4.41,8.14,0.34,4.07,nonDRNA
11.47,0.8,8.27,4.53,6.4,5.07,4.8,4.0,5.33,11.73,2.13,4.0,5.07,3.47,3.73,3.47,3.47,5.87,1.33,5.07,nonDRNA
10.99,7.69,4.4,6.59,4.4,12.09,6.59,3.3,20.88,4.4,3.3,1.1,4.4,1.1,0.0,2.2,1.1,5.49,0.0,0.0,nonDRNA
7.79,0.82,6.56,7.79,4.51,7.38,0.82,4.92,5.74,8.2,0.82,3.69,5.33,5.33,4.51,6.56,9.84,6.97,0.0,2.46,nonDRNA
6.83,2.44,4.63,8.05,4.15,9.02,2.2,3.17,5.61,11.95,2.93,3.17,3.17,1.95,6.59,6.83,3.9,6.1,1.71,5.61,RNA
13.61,0.3,5.03,10.65,2.37,5.03,0.3,7.1,12.13,10.65,1.78,3.25,5.92,2.37,2.66,3.25,3.25,8.28,0.3,1.78,nonDRNA
3.72,1.6,5.85,9.57,4.26,3.19,4.79,7.98,9.57,10.64,2.66,8.51,3.19,1.6,2.66,5.85,5.32,3.72,1.6,3.72,nonDRNA
9.82,1.64,4.91,8.0,3.64,7.64,1.27,7.82,7.27,9.27,2.73,5.27,2.91,4.18,3.64,6.18,5.27,6.91,0.55,1.09,nonDRNA
11.75,1.91,4.64,6.01,2.73,9.56,1.91,6.28,4.1,7.65,2.19,3.28,6.28,3.01,8.2,4.92,4.92,6.01,0.55,4.1,nonDRNA
8.94,1.49,4.47,6.86,1.34,5.81,2.09,5.51,11.18,9.99,1.34,5.07,4.02,7.45,3.73,7.3,4.77,4.77,0.89,2.98,nonDRNA
21.09,0.0,3.12,6.64,3.91,14.45,1.17,3.91,2.34,11.72,0.78,3.12,2.73,0.78,4.69,5.47,5.86,6.64,0.39,1.17,nonDRNA
4.51,8.27,4.51,3.01,3.01,3.01,5.26,3.01,5.26,10.53,5.26,0.75,3.76,2.26,9.02,16.54,4.51,4.51,0.0,3.01,nonDRNA
6.99,1.61,4.84,8.6,3.76,7.53,1.61,8.06,6.99,8.6,2.15,4.84,3.76,3.23,7.53,3.23,6.45,4.84,2.15,3.23,nonDRNA
9.94,1.71,5.12,8.07,3.42,6.52,3.88,5.9,6.21,6.99,2.64,3.88,5.28,3.42,4.81,5.28,6.06,5.9,1.71,3.26,nonDRNA
6.65,3.86,4.94,5.36,3.22,9.66,2.36,5.79,6.01,8.15,3.0,3.86,4.94,1.5,4.29,7.94,7.94,4.51,1.72,4.29,nonDRNA
14.04,1.17,8.19,3.22,3.22,7.89,2.92,4.09,3.51,12.28,2.34,1.75,3.8,3.22,8.19,4.39,5.56,7.6,1.17,1.46,nonDRNA
5.33,2.54,6.35,6.85,4.82,4.57,3.05,5.84,8.38,6.6,4.06,3.81,4.57,2.54,4.06,6.35,5.58,8.63,1.27,4.82,nonDRNA
5.39,1.8,4.19,2.4,3.59,13.17,2.4,4.79,4.79,10.78,0.6,3.59,2.99,2.4,5.99,11.98,3.59,7.78,1.8,5.99,nonDRNA
6.45,1.08,6.45,9.68,4.3,4.3,5.38,7.53,12.9,10.75,2.15,4.3,1.08,2.15,2.15,4.3,3.23,6.45,1.08,4.3,nonDRNA
21.36,0.97,6.47,5.5,3.88,7.77,2.91,6.15,1.29,7.44,1.62,3.24,3.88,2.27,5.5,4.53,4.85,6.47,0.65,3.24,RNA
8.65,0.0,4.81,5.77,4.81,9.62,0.96,7.69,15.38,3.85,0.96,5.77,2.88,2.88,5.77,4.81,2.88,12.5,0.0,0.0,nonDRNA
9.58,1.92,5.36,9.96,5.75,6.9,2.68,11.11,7.66,4.21,3.45,3.45,4.21,2.3,2.3,4.6,5.36,6.51,0.38,2.3,DNA
5.5,0.32,6.15,7.12,3.88,3.24,1.29,11.33,11.97,10.36,0.65,5.83,2.59,3.56,5.83,8.74,5.18,3.56,0.0,2.91,RNA
8.22,0.0,0.68,8.22,3.42,16.44,1.37,3.42,11.64,8.9,1.37,6.85,3.42,2.05,6.16,4.79,5.48,6.85,0.0,0.68,nonDRNA
7.55,1.42,4.25,9.91,6.6,7.08,2.36,6.6,6.13,9.91,1.42,4.72,4.25,1.89,4.72,6.13,3.3,7.55,0.94,3.3,nonDRNA
5.16,0.27,6.25,5.16,7.34,4.89,0.82,10.05,9.51,8.42,1.09,8.7,3.53,2.99,2.45,8.15,5.71,3.26,1.9,4.35,nonDRNA
5.26,1.97,5.26,8.55,5.26,9.87,2.63,6.58,6.58,7.24,3.29,3.29,3.95,3.29,5.26,4.61,3.29,9.21,1.97,2.63,nonDRNA
9.5,1.68,5.03,5.59,2.79,5.03,3.91,6.7,3.91,8.94,3.91,5.59,2.23,7.82,6.15,5.03,3.35,6.15,1.68,5.03,nonDRNA
7.56,2.25,4.02,8.36,4.34,8.68,2.25,6.27,6.27,8.68,3.54,4.66,6.91,2.89,4.34,5.79,3.86,4.98,2.57,1.77,nonDRNA
13.4,2.39,3.83,6.22,2.87,6.7,1.91,4.31,1.91,11.48,3.83,3.35,7.18,5.26,4.78,6.22,4.31,7.66,0.96,1.44,nonDRNA
9.47,0.28,6.13,5.01,4.18,7.8,1.67,5.57,2.79,9.19,3.06,4.46,5.85,4.74,3.06,7.52,6.96,6.69,1.67,3.9,nonDRNA
5.64,3.43,6.13,4.41,3.19,6.13,3.19,6.62,5.64,10.05,2.7,4.41,4.17,6.86,6.62,8.33,3.68,5.88,0.49,2.45,nonDRNA
9.04,2.82,7.34,7.91,5.37,5.08,1.69,7.34,8.47,7.63,2.54,4.24,1.13,3.67,5.08,4.8,5.93,5.37,0.85,3.67,nonDRNA
5.55,3.8,5.4,4.96,4.82,9.2,2.77,4.82,5.26,8.03,1.31,3.5,6.57,2.92,3.21,7.45,7.88,5.99,1.9,4.67,nonDRNA
6.08,0.73,8.03,7.18,2.92,7.42,2.55,5.11,4.5,9.12,1.95,4.26,7.06,4.14,3.77,5.6,7.54,8.03,1.09,2.92,nonDRNA
9.09,0.0,15.58,14.29,2.6,3.9,0.0,6.49,5.19,9.09,3.9,2.6,0.0,3.9,2.6,3.9,3.9,11.69,0.0,1.3,nonDRNA
14.85,0.0,7.27,3.94,2.73,8.18,0.3,1.82,8.79,4.55,1.21,3.03,2.42,2.12,0.61,8.48,17.88,7.58,0.91,3.33,nonDRNA
13.45,0.0,5.38,4.48,2.24,9.87,2.69,5.83,6.73,7.17,3.14,2.24,1.79,3.14,2.69,6.28,8.07,9.42,0.45,4.93,nonDRNA
9.61,0.69,3.89,3.2,4.81,8.47,0.92,5.03,2.97,8.47,1.37,7.78,3.89,6.18,4.12,5.26,10.07,5.72,0.92,6.64,nonDRNA
9.68,1.29,8.39,5.81,7.42,5.81,1.61,4.52,3.87,9.03,3.55,3.23,7.42,4.19,4.84,4.19,5.16,4.52,1.94,3.55,nonDRNA
11.35,1.42,7.8,1.42,5.67,5.67,6.38,1.42,7.8,12.06,0.0,1.42,5.67,1.42,2.13,7.8,9.93,7.09,0.71,2.84,nonDRNA
6.98,0.95,6.67,8.57,6.35,6.35,3.81,4.76,5.4,9.84,2.54,3.81,4.76,4.44,4.13,4.13,4.76,5.4,1.9,4.44,nonDRNA
11.8,0.89,3.93,5.71,6.35,6.09,1.27,3.55,2.03,12.94,3.17,2.03,7.11,3.43,8.76,4.7,4.44,7.99,1.78,2.03,nonDRNA
10.82,2.37,5.01,3.43,3.96,10.29,2.37,2.37,3.43,6.33,1.85,5.28,8.18,2.37,5.28,7.65,6.33,7.12,3.17,2.37,nonDRNA
5.59,1.32,6.91,9.54,2.63,7.24,0.99,9.54,8.88,9.21,4.61,3.62,3.29,1.32,2.3,7.57,3.95,6.91,0.66,3.95,nonDRNA
11.45,1.08,2.59,1.51,9.72,10.37,0.65,6.7,3.02,11.02,3.46,2.16,4.32,3.46,3.67,8.64,5.4,6.91,2.38,1.51,nonDRNA
7.69,1.59,5.84,7.43,3.18,7.43,2.39,7.96,5.04,7.16,4.24,3.18,5.04,2.92,4.77,6.37,6.9,5.57,1.06,4.24,nonDRNA
8.25,2.06,6.53,4.12,5.84,9.62,2.06,5.84,2.41,7.9,0.34,6.53,4.47,2.06,5.84,7.22,6.87,6.87,1.72,3.44,nonDRNA
8.08,5.05,11.11,8.08,2.02,6.06,1.01,7.07,2.02,8.08,1.01,2.02,4.04,6.06,1.01,6.06,11.11,5.05,0.0,5.05,nonDRNA
9.55,0.6,6.57,6.27,3.28,10.15,1.49,5.07,6.57,6.87,2.39,4.78,2.99,2.69,3.88,4.18,8.06,11.64,0.6,2.39,nonDRNA
8.96,2.69,5.07,1.79,5.67,7.76,0.9,6.27,1.49,10.75,0.9,9.25,3.58,4.18,2.99,13.43,8.06,5.37,0.3,0.6,nonDRNA
6.61,0.83,5.37,2.89,5.79,9.92,1.65,2.89,5.37,7.02,3.31,8.26,4.13,2.89,2.48,5.37,9.5,5.37,3.31,7.02,nonDRNA
6.06,0.47,6.99,9.56,4.43,4.9,3.96,7.46,5.36,11.89,1.63,4.2,6.29,2.56,4.43,3.73,5.13,6.53,0.23,4.2,nonDRNA
9.06,4.79,2.56,4.1,4.79,7.52,2.56,4.44,3.08,10.43,2.39,1.88,8.38,2.56,5.64,6.84,5.47,7.18,2.39,3.93,nonDRNA
10.81,1.35,6.49,7.57,2.97,11.08,2.16,2.7,2.43,8.92,3.51,1.62,9.73,2.16,12.43,8.65,2.16,2.7,0.0,0.54,nonDRNA
4.38,2.68,5.35,6.08,5.11,6.57,2.19,3.41,5.11,7.79,4.38,5.11,8.03,4.62,5.84,9.25,6.57,3.16,1.46,2.92,nonDRNA
13.29,1.21,7.49,5.56,3.38,6.28,1.93,4.35,1.93,14.01,2.17,1.93,7.49,3.14,7.73,5.07,6.04,4.59,0.72,1.69,nonDRNA
8.24,0.62,4.49,8.74,1.62,5.24,2.5,2.87,10.24,8.74,2.12,2.62,10.24,4.12,4.99,11.11,4.24,4.37,0.5,2.37,nonDRNA
9.98,2.95,5.4,6.22,2.29,7.2,1.96,4.42,6.71,7.69,2.62,3.6,5.56,4.42,4.91,7.04,5.4,7.53,1.31,2.78,nonDRNA
9.39,0.08,4.3,2.63,2.23,7.17,1.27,3.98,10.27,4.86,0.88,8.6,4.94,5.81,1.43,5.97,10.43,8.2,1.43,6.13,nonDRNA
5.72,0.0,18.55,3.88,1.29,4.42,0.32,3.13,4.31,3.13,0.65,8.2,3.99,2.37,0.86,23.19,8.09,5.72,0.32,1.83,nonDRNA
10.17,5.08,4.8,6.07,3.95,7.49,1.55,2.12,7.2,10.59,0.71,4.1,4.52,4.24,4.8,6.21,5.08,6.64,1.84,2.82,nonDRNA
14.61,1.69,6.18,8.43,2.81,12.36,1.69,6.18,2.25,5.62,3.37,0.56,2.81,2.25,6.18,5.06,2.81,11.24,2.81,1.12,DNA
10.79,1.46,4.37,5.83,2.62,4.37,2.62,2.33,2.92,20.41,1.46,4.96,3.79,8.45,6.71,4.08,4.66,4.66,2.04,1.46,nonDRNA
6.93,1.74,4.04,6.67,2.89,8.35,2.18,5.99,6.55,9.38,3.66,3.95,4.45,3.24,5.13,5.28,7.88,6.81,2.8,2.06,nonDRNA
8.27,0.66,7.09,5.77,3.15,9.32,0.92,6.82,6.04,7.09,1.44,6.04,2.89,3.67,3.02,8.4,7.09,6.04,1.18,5.12,nonDRNA
4.68,0.64,9.79,11.28,4.26,6.17,2.77,9.57,8.09,5.32,1.28,4.04,1.06,3.62,2.13,7.66,5.53,8.51,0.21,3.4,nonDRNA
10.59,0.99,3.69,6.16,2.71,8.37,4.43,5.17,2.46,11.08,3.2,5.17,4.43,3.45,4.68,5.17,5.42,7.88,1.23,3.69,nonDRNA
6.91,2.44,6.5,7.72,3.66,10.98,2.44,7.72,5.69,4.47,0.41,4.47,2.85,3.66,2.03,10.16,2.85,6.5,3.25,5.28,nonDRNA
7.2,0.7,6.62,6.04,3.14,6.62,1.74,6.16,10.45,8.13,1.86,4.88,4.76,2.9,4.65,8.71,6.5,6.16,0.81,1.97,nonDRNA
10.69,0.0,3.05,11.45,2.29,2.29,2.29,9.16,7.63,12.21,4.58,3.82,6.11,0.76,4.58,3.82,3.82,6.87,0.0,4.58,nonDRNA
7.27,1.21,4.24,9.09,3.03,8.48,3.64,4.85,6.67,8.48,1.82,3.03,5.45,0.61,1.82,12.73,6.06,7.88,1.82,1.82,nonDRNA
6.81,1.0,5.41,7.01,2.81,6.81,2.2,6.81,6.01,11.22,2.2,4.41,4.21,4.21,5.01,8.22,4.41,6.61,1.2,3.41,nonDRNA
6.14,0.38,4.99,5.76,5.95,5.95,2.88,5.18,4.99,10.94,3.07,4.41,5.76,4.41,6.72,4.8,5.18,6.91,2.11,3.45,nonDRNA
8.74,1.94,6.8,3.88,0.97,4.85,0.0,8.74,6.8,6.8,2.91,3.88,0.97,6.8,5.83,9.71,3.88,11.65,3.88,0.97,nonDRNA
15.17,1.38,2.07,5.52,2.07,8.97,2.07,3.45,3.45,8.97,2.07,6.9,3.45,4.83,3.45,6.9,6.21,10.34,0.0,2.76,nonDRNA
11.11,1.23,6.58,7.41,4.94,7.0,2.88,6.58,4.94,8.64,3.29,3.29,2.06,4.53,6.17,3.29,6.58,6.58,0.41,2.47,nonDRNA
4.95,3.18,5.48,5.3,3.89,7.95,1.94,8.3,5.3,7.77,1.59,7.42,3.53,4.06,4.77,7.07,7.07,5.12,2.12,3.18,nonDRNA
9.15,0.72,5.17,4.45,4.57,7.94,0.72,6.98,4.93,6.02,1.68,7.58,4.09,3.85,4.21,6.74,7.58,7.34,0.96,5.29,nonDRNA
9.72,0.28,4.17,9.17,4.17,7.5,0.56,4.17,5.56,8.89,1.39,5.56,5.0,3.89,4.17,8.06,5.28,8.06,1.39,3.06,nonDRNA
9.68,1.49,6.2,7.44,2.73,8.44,5.71,5.21,2.48,8.44,2.23,1.99,5.46,1.99,6.95,2.98,6.95,7.2,2.23,4.22,nonDRNA
8.98,0.86,5.54,6.6,3.37,9.64,2.57,6.2,4.49,8.51,3.17,3.96,4.22,3.76,6.6,4.82,6.27,7.26,0.86,2.31,nonDRNA
8.53,0.0,4.63,5.48,2.56,8.65,1.22,5.36,6.46,8.53,2.44,5.6,3.41,4.75,4.02,9.99,7.06,5.72,0.97,4.63,nonDRNA
8.24,2.25,6.37,7.49,2.25,7.12,1.87,5.62,6.74,7.49,2.25,6.37,5.24,2.62,2.25,8.99,5.62,7.49,0.37,3.37,nonDRNA
5.12,1.97,3.94,5.91,4.33,7.48,3.15,5.12,3.94,11.81,1.57,4.33,5.91,2.76,2.76,9.06,6.3,10.24,1.57,2.76,nonDRNA
6.08,0.34,4.73,8.78,3.72,9.12,1.35,7.43,6.08,12.16,2.03,3.04,4.05,3.72,4.05,6.76,4.39,6.76,0.34,5.07,nonDRNA
7.59,1.27,6.33,4.11,2.22,7.91,2.85,9.18,8.23,8.86,3.48,6.96,3.8,2.85,2.53,4.11,4.75,10.13,0.32,2.53,nonDRNA
8.7,2.61,5.8,7.25,5.22,8.12,2.32,3.19,3.77,12.75,2.61,1.74,3.48,4.35,5.22,6.38,5.22,6.09,1.16,4.06,nonDRNA
11.31,0.31,5.81,7.34,5.5,9.17,2.75,3.67,0.92,10.09,2.75,3.06,5.2,3.06,9.79,5.2,5.81,6.42,0.61,1.22,nonDRNA
8.78,0.34,5.24,7.09,4.22,5.24,1.69,5.74,7.43,9.46,2.87,4.56,3.55,5.57,4.05,7.6,4.39,5.07,2.03,5.07,nonDRNA
5.5,2.91,6.47,6.63,4.53,3.56,2.59,6.15,6.8,10.19,1.78,3.88,5.18,4.37,4.53,5.99,6.8,6.96,0.97,4.21,nonDRNA
5.71,0.0,3.81,12.38,3.81,2.86,3.81,7.62,7.62,11.43,4.76,1.9,3.81,1.9,7.62,5.71,3.81,6.67,0.95,3.81,nonDRNA
13.2,0.53,6.16,6.16,3.7,8.8,2.64,3.17,1.23,11.09,1.94,1.94,5.81,1.23,8.8,5.81,5.81,6.51,2.29,3.17,nonDRNA
8.56,0.66,6.04,8.47,1.59,5.85,2.48,3.93,5.38,7.44,1.36,4.91,7.02,5.62,5.33,11.32,5.38,6.22,0.33,2.11,nonDRNA
5.14,1.08,4.86,10.0,5.14,4.05,2.7,7.57,7.3,10.0,1.89,3.78,3.24,3.78,7.3,7.3,5.41,6.49,0.81,2.16,nonDRNA
10.94,1.56,7.81,7.03,3.12,7.03,2.34,6.25,1.56,5.47,3.91,3.12,4.69,5.47,9.38,3.12,5.47,7.81,2.34,1.56,nonDRNA
5.33,2.0,4.67,12.67,10.0,6.67,3.33,6.0,7.33,6.0,1.33,3.33,4.67,2.67,4.0,4.0,4.67,7.33,1.33,2.67,RNA
4.42,0.0,3.31,6.08,3.87,6.08,2.21,4.42,11.05,12.15,3.31,4.42,3.31,2.21,12.15,6.63,6.08,4.97,0.55,2.76,nonDRNA
6.09,2.34,5.85,6.56,2.81,5.15,2.58,6.32,6.79,9.13,3.75,4.22,5.62,3.98,4.92,7.73,3.98,7.03,0.94,4.22,nonDRNA
9.38,1.17,5.08,4.69,4.3,7.03,3.52,3.12,3.91,14.45,2.34,2.34,5.86,5.86,5.08,5.47,3.91,8.2,3.12,1.17,nonDRNA
4.39,0.88,9.65,5.26,7.89,5.26,6.14,7.89,9.65,7.02,1.75,5.26,3.51,3.51,2.63,3.51,4.39,3.51,3.51,4.39,RNA
6.12,1.02,0.0,8.16,1.02,9.18,1.02,7.14,14.29,9.18,1.02,2.04,4.08,4.08,11.22,6.12,3.06,9.18,0.0,2.04,RNA
7.27,1.51,5.21,4.66,5.35,8.92,4.39,4.53,3.98,6.72,1.1,4.94,8.92,5.9,5.21,10.7,3.16,3.43,1.37,2.74,nonDRNA
9.52,1.75,6.77,6.77,5.51,7.52,3.51,5.76,4.01,8.77,1.5,4.51,6.52,1.75,5.76,3.26,4.26,7.52,2.51,2.51,nonDRNA
9.92,0.83,7.02,9.09,3.72,5.79,1.24,5.79,7.85,14.46,0.41,3.72,3.31,2.07,6.2,3.72,4.96,6.61,0.83,2.48,nonDRNA
7.71,1.87,5.11,4.97,4.1,7.07,2.19,5.88,5.11,8.53,2.14,4.79,5.65,3.97,4.42,7.48,6.7,6.84,1.41,4.06,nonDRNA
7.77,0.0,6.8,8.25,5.83,4.85,0.97,7.28,4.85,9.71,0.97,4.85,1.94,6.31,4.37,7.28,5.83,6.31,0.97,4.85,nonDRNA
8.27,1.5,9.02,6.02,4.51,5.26,4.51,6.77,6.02,6.77,3.76,2.26,3.76,3.01,5.26,4.51,3.76,7.52,2.26,5.26,nonDRNA
6.75,1.79,4.56,8.53,2.58,5.95,0.79,3.57,4.37,10.52,1.59,3.37,4.37,5.56,7.14,8.33,8.53,5.56,1.79,4.37,nonDRNA
11.52,0.92,7.37,7.37,5.07,5.53,3.23,3.23,7.83,7.83,2.76,3.23,3.23,2.3,3.69,6.45,5.99,9.22,1.38,1.84,nonDRNA
9.12,0.94,6.57,6.84,4.16,8.45,2.28,5.23,7.24,4.83,2.82,6.84,2.82,2.82,1.21,6.03,6.97,7.91,2.28,4.69,nonDRNA
13.71,0.51,6.6,2.03,3.05,6.09,4.57,4.06,4.06,13.71,1.02,2.54,5.08,3.05,5.08,10.15,4.57,7.61,0.0,2.54,nonDRNA
12.03,0.75,7.27,6.02,4.76,7.77,2.51,5.01,2.01,10.53,2.51,1.5,6.77,5.01,7.77,2.76,6.02,7.27,0.75,1.0,DNA
7.28,1.64,4.69,6.34,4.93,6.1,3.05,5.63,6.57,6.34,3.05,3.99,6.57,5.4,5.16,8.45,4.46,5.87,1.17,3.29,nonDRNA
4.71,0.59,11.76,6.47,4.71,11.18,0.59,6.47,5.88,8.82,0.59,4.71,0.59,5.29,2.35,6.47,5.88,5.88,2.35,4.71,nonDRNA
6.26,2.04,3.06,3.64,6.11,4.66,3.06,3.35,3.2,13.83,1.6,2.91,4.8,6.11,4.95,11.21,5.82,8.3,1.89,3.2,nonDRNA
8.98,0.31,5.51,2.83,4.25,11.18,2.52,5.98,5.04,5.98,2.05,7.56,4.72,2.2,1.89,7.24,8.03,7.4,1.73,4.57,nonDRNA
8.85,1.77,5.31,5.9,2.36,8.55,0.88,5.31,7.96,9.73,2.06,3.24,3.83,3.83,3.24,7.08,6.19,8.55,0.0,5.31,RNA
12.84,0.68,0.68,4.05,2.7,9.46,4.05,1.35,8.78,10.81,2.03,3.38,6.08,2.03,5.41,4.73,5.41,10.81,0.68,4.05,nonDRNA
7.04,0.24,2.43,5.34,5.34,7.04,0.97,9.47,6.8,14.56,4.61,3.4,3.16,2.43,2.43,9.22,3.64,8.25,0.49,3.16,nonDRNA
6.37,0.0,6.37,4.25,4.25,9.65,3.67,4.44,5.02,5.6,2.51,8.88,3.09,2.9,4.83,5.41,6.37,7.14,4.05,5.21,nonDRNA
4.39,0.0,7.46,3.51,4.82,7.02,0.88,12.72,9.65,10.53,2.63,3.07,3.07,1.75,4.39,8.33,6.58,6.58,0.44,2.19,nonDRNA
10.95,3.17,4.61,6.34,2.59,11.24,2.02,7.49,2.59,8.93,0.58,2.02,6.34,2.59,6.92,4.32,4.9,12.1,0.0,0.29,nonDRNA
5.94,3.63,8.91,6.27,5.61,5.94,2.31,5.61,8.25,6.6,2.31,4.62,3.96,3.63,4.95,6.93,4.95,5.94,0.66,2.97,nonDRNA
5.58,2.39,5.58,6.37,5.58,6.37,4.78,6.77,6.37,10.76,2.39,4.38,5.18,3.59,3.98,3.59,6.77,5.18,1.2,3.19,nonDRNA
9.2,0.65,6.49,4.76,5.09,7.03,2.16,6.28,5.52,5.84,3.14,8.66,2.71,3.68,1.52,6.39,7.03,6.39,3.25,4.22,nonDRNA
3.78,0.0,6.09,10.29,3.99,5.88,2.52,7.14,10.92,9.66,1.68,6.51,2.94,3.78,3.57,6.51,3.15,5.04,0.63,5.88,nonDRNA
9.43,0.0,0.0,13.21,9.43,5.66,3.77,1.89,1.89,7.55,0.0,3.77,3.77,0.0,1.89,13.21,9.43,9.43,3.77,1.89,nonDRNA
13.64,0.53,7.49,2.14,2.14,11.5,2.41,1.87,2.94,8.02,1.07,2.67,4.01,1.87,4.55,7.22,13.1,7.22,1.87,3.74,nonDRNA
11.44,2.64,3.52,7.92,3.81,4.99,2.35,3.23,5.57,8.8,1.47,5.57,4.99,2.64,6.45,5.57,6.16,7.04,2.05,3.81,nonDRNA
4.59,0.14,6.03,5.02,4.16,8.03,1.58,7.03,7.6,8.32,1.58,6.89,3.01,3.73,3.16,11.05,6.17,5.45,1.15,5.31,nonDRNA
8.88,1.57,6.53,2.87,5.48,7.83,2.35,4.7,5.48,9.92,1.31,3.92,3.92,4.44,5.48,6.53,6.53,5.48,2.35,4.44,nonDRNA
6.13,1.23,3.68,9.2,4.29,9.2,2.45,4.91,6.13,5.52,2.45,3.07,4.29,4.91,8.59,14.11,3.68,2.45,1.84,1.84,nonDRNA
8.07,1.24,6.21,6.83,4.14,8.9,2.48,6.83,5.59,7.25,4.14,3.93,4.55,2.69,6.0,5.59,3.93,6.0,1.45,4.14,nonDRNA
13.89,1.85,7.41,6.02,2.78,7.87,1.39,8.33,4.63,7.87,2.31,1.85,2.31,4.17,5.56,3.7,5.09,8.33,2.78,1.85,nonDRNA
9.94,2.68,7.73,5.84,4.1,8.99,4.1,3.31,0.95,6.94,3.31,2.37,5.05,2.68,8.52,4.57,5.68,6.15,2.21,4.89,nonDRNA
9.92,0.76,8.78,2.29,1.15,7.63,3.05,5.73,1.53,8.4,2.29,4.96,6.49,3.82,6.11,4.2,9.54,8.78,1.53,3.05,nonDRNA
6.83,0.0,5.61,10.24,4.63,8.29,2.93,6.83,5.85,7.07,3.66,6.34,4.88,3.17,2.93,2.68,7.56,6.1,0.0,4.39,nonDRNA
7.98,1.5,9.73,6.23,4.74,6.48,1.75,3.49,2.24,10.97,4.74,3.24,5.74,2.24,8.48,4.24,6.48,7.48,1.0,1.25,nonDRNA
7.99,0.64,6.07,7.03,3.19,6.71,2.24,7.03,5.75,9.27,2.56,3.19,2.56,6.39,6.07,6.07,4.47,7.99,0.32,4.47,nonDRNA
9.09,0.35,4.2,4.2,5.94,3.5,1.05,8.04,5.94,10.84,0.7,6.29,3.85,2.8,4.2,7.34,9.09,6.99,0.35,5.24,nonDRNA
6.2,2.01,5.84,6.75,4.74,5.11,3.65,5.47,7.66,8.94,2.37,3.1,4.38,2.37,4.74,8.21,5.29,8.39,0.73,4.01,nonDRNA
8.47,1.46,5.33,7.01,3.66,9.21,1.88,4.71,5.44,9.31,4.18,3.77,4.81,3.56,5.65,5.54,5.33,7.95,0.84,1.88,nonDRNA
9.17,0.86,4.58,6.02,3.72,8.31,1.15,5.44,6.59,10.03,1.43,4.01,3.44,5.44,4.87,9.74,6.3,5.44,0.86,2.58,nonDRNA
8.12,0.43,5.98,4.7,6.41,8.55,2.99,2.56,2.14,7.69,2.99,3.42,5.98,4.7,6.41,8.55,6.41,6.41,0.43,5.13,nonDRNA
4.09,1.72,7.76,8.84,5.17,3.66,2.37,5.17,6.25,8.62,2.37,6.68,4.74,3.23,3.66,7.33,4.53,4.96,1.94,6.9,nonDRNA
9.14,1.27,4.82,8.63,3.05,8.63,2.28,4.57,3.05,11.68,1.52,1.02,4.31,3.81,9.64,4.82,5.08,7.11,1.52,4.06,nonDRNA
14.07,0.0,3.8,10.65,2.66,6.46,2.66,3.04,3.42,12.17,1.52,0.0,6.84,2.66,11.03,3.04,2.28,8.75,3.04,1.9,nonDRNA
5.02,3.35,5.15,6.18,2.32,5.53,2.57,4.38,8.24,9.78,1.67,5.02,6.44,3.86,5.79,11.33,4.12,5.79,1.29,2.19,nonDRNA
4.81,4.81,4.81,7.85,3.29,6.08,5.06,5.57,6.08,9.87,2.28,2.03,5.32,3.04,4.81,7.85,5.82,6.58,0.51,3.54,nonDRNA
11.56,2.04,6.8,4.42,2.38,11.22,4.08,3.74,3.4,10.88,3.74,1.7,3.4,3.4,6.46,3.74,7.48,5.44,1.36,2.72,nonDRNA
3.39,1.02,5.76,9.83,5.42,3.39,2.03,7.46,9.49,6.44,4.41,4.41,5.42,2.37,3.73,7.12,3.39,6.44,3.05,5.42,DNA
1.72,1.35,4.43,3.2,2.83,4.55,3.69,2.95,5.78,7.63,4.55,26.94,2.34,4.43,2.71,12.92,2.46,2.46,0.62,2.46,RNA
5.15,0.52,5.67,6.7,3.61,8.25,2.06,5.67,9.79,11.86,1.03,2.06,3.61,3.61,13.92,3.61,2.58,7.22,1.03,2.06,nonDRNA
6.51,0.0,9.32,6.51,2.58,2.69,2.36,4.38,9.76,5.27,1.23,8.53,4.71,5.61,1.8,7.63,8.75,7.41,0.67,4.26,nonDRNA
9.74,2.27,6.17,5.52,3.25,11.04,4.87,5.19,1.95,8.12,2.27,3.57,4.87,3.9,6.17,3.9,5.84,7.14,1.95,2.27,nonDRNA
6.03,1.62,6.18,7.35,3.53,4.85,2.21,6.62,9.26,10.29,3.24,4.12,4.12,4.12,3.38,6.91,5.74,4.71,2.5,3.24,RNA
10.48,0.0,5.24,7.42,3.06,10.48,3.06,7.86,8.73,6.99,1.75,3.06,6.11,1.31,6.55,3.06,4.8,7.86,0.44,1.75,nonDRNA
5.19,1.3,3.17,4.33,2.74,5.77,4.18,4.47,3.32,6.93,2.45,7.22,9.09,8.66,5.19,11.26,7.22,4.91,0.43,2.16,nonDRNA
13.33,2.42,7.88,6.06,4.24,8.48,4.24,3.03,1.21,6.67,2.42,3.03,6.06,4.85,8.48,1.82,4.24,7.88,1.82,1.82,nonDRNA
8.98,0.78,4.69,3.91,3.52,7.42,1.56,8.98,7.03,10.55,0.39,6.25,4.3,2.73,1.95,3.52,10.55,8.59,1.95,2.34,DNA
4.9,1.4,4.9,7.69,0.0,4.9,2.1,11.19,6.29,13.99,0.7,2.8,3.5,6.99,7.69,6.99,6.99,4.9,1.4,0.7,nonDRNA
11.85,0.0,5.47,6.38,5.47,4.86,0.91,3.34,10.03,10.33,3.04,4.86,3.65,5.47,1.52,6.08,5.47,6.38,0.0,4.86,nonDRNA
9.17,0.83,7.5,10.0,3.33,5.0,0.83,8.33,3.33,11.67,3.33,2.5,4.17,2.5,5.83,5.83,5.0,8.33,0.0,2.5,nonDRNA
12.5,0.45,5.36,8.93,4.46,9.38,2.68,0.45,3.12,17.41,0.89,1.34,7.59,1.79,8.04,2.23,2.68,8.48,1.79,0.45,nonDRNA
11.85,1.51,4.53,6.03,2.37,7.76,1.72,7.11,5.6,8.41,3.45,4.74,4.74,3.45,3.88,5.39,6.68,9.05,0.22,1.51,nonDRNA
7.79,0.0,6.27,5.32,5.32,7.22,1.33,5.51,8.17,6.27,3.23,6.08,6.08,4.94,4.37,2.66,5.13,6.84,3.04,4.37,nonDRNA
8.56,3.36,7.34,6.12,4.28,5.81,0.92,3.98,5.2,8.87,3.98,6.73,5.2,1.83,3.67,3.67,5.81,10.09,2.14,2.45,nonDRNA
7.3,2.19,7.3,6.57,2.92,11.68,2.19,8.76,8.76,8.76,1.46,4.38,3.65,2.92,2.19,2.92,2.92,9.49,0.73,2.92,nonDRNA
8.92,1.27,5.41,4.78,1.91,7.32,2.55,5.41,13.06,7.64,2.23,7.01,2.23,0.32,3.5,7.96,4.14,6.05,2.55,5.73,nonDRNA
6.92,2.84,5.31,5.88,3.79,7.39,1.52,6.16,4.64,6.54,3.41,4.64,4.83,4.45,5.78,7.58,6.45,6.82,1.33,3.7,nonDRNA
3.67,2.65,4.29,6.53,6.53,5.71,2.45,6.94,7.14,11.84,2.86,5.31,6.33,2.86,4.29,6.53,4.9,6.12,0.61,2.45,nonDRNA
10.34,0.0,1.72,3.45,8.62,1.72,1.72,8.62,5.17,12.07,5.17,3.45,3.45,1.72,5.17,6.9,1.72,10.34,3.45,5.17,nonDRNA
14.29,0.0,1.43,1.43,2.86,4.29,2.86,2.86,8.57,15.71,1.43,1.43,10.0,2.86,4.29,7.14,7.14,5.71,2.86,2.86,nonDRNA
9.32,5.93,6.78,10.17,4.24,2.54,2.54,1.69,6.78,6.78,5.08,5.08,5.08,2.54,4.24,5.08,7.63,5.08,0.85,2.54,nonDRNA
7.29,1.82,3.12,11.46,2.08,4.69,4.17,4.43,5.47,10.68,3.12,3.39,7.55,4.95,5.47,4.69,5.21,5.73,1.82,2.86,nonDRNA
9.09,4.04,11.11,10.1,3.03,6.06,2.02,5.05,4.04,7.07,1.01,1.01,3.03,5.05,1.01,6.06,8.08,8.08,0.0,5.05,DNA
3.24,4.47,3.24,8.61,3.13,8.61,4.81,2.46,7.05,6.38,1.34,3.02,5.26,5.37,10.07,7.61,5.37,4.59,1.79,3.58,nonDRNA
10.14,1.05,5.59,6.99,3.5,7.34,2.45,5.94,3.85,11.54,3.5,2.8,4.9,3.15,6.64,5.59,6.99,5.24,1.4,1.4,nonDRNA
2.51,0.84,8.37,5.44,4.18,5.44,2.93,4.6,12.13,6.28,3.35,10.04,2.51,2.09,1.26,7.11,5.86,7.11,0.42,7.53,nonDRNA
5.39,1.47,6.37,9.31,4.41,3.92,1.47,4.41,2.94,8.33,2.45,7.84,6.86,3.43,3.43,8.33,4.9,9.8,1.47,3.43,nonDRNA
8.26,0.55,6.34,2.2,5.23,9.92,1.65,2.75,1.65,7.99,2.75,3.31,6.61,5.79,5.23,8.82,9.92,4.68,2.48,3.86,nonDRNA
3.7,0.74,6.3,7.41,2.96,2.22,1.48,8.15,5.56,12.59,2.22,7.04,3.33,5.56,5.19,10.37,5.19,7.04,0.37,2.59,nonDRNA
12.98,1.53,6.87,6.11,3.82,3.05,4.58,3.82,10.69,7.63,1.53,1.53,6.11,5.34,3.05,5.34,4.58,6.87,1.53,3.05,nonDRNA
11.44,1.25,5.64,6.74,2.35,9.4,2.66,4.39,2.35,11.13,1.1,3.13,6.27,4.23,6.9,6.27,4.23,5.8,1.88,2.82,DNA
4.95,0.5,5.94,8.42,5.45,7.92,2.48,5.45,8.42,9.41,0.99,5.94,4.46,3.47,4.46,3.96,4.46,5.94,2.97,4.46,nonDRNA
10.36,1.78,5.33,7.99,2.37,6.8,2.66,2.37,2.96,8.88,2.96,1.78,5.03,5.03,7.4,5.33,6.8,6.8,3.25,4.14,nonDRNA
6.58,0.0,2.63,5.26,3.95,5.26,1.32,3.95,6.58,15.79,1.32,3.95,10.53,1.32,9.21,6.58,3.95,5.26,2.63,3.95,nonDRNA
6.7,2.95,5.09,7.24,4.56,9.12,2.95,4.83,5.09,5.63,3.22,5.36,6.17,3.22,6.43,5.63,5.36,4.56,1.88,4.02,nonDRNA
8.27,4.0,4.53,5.07,4.27,10.13,1.87,5.87,8.53,7.73,2.13,3.2,5.33,1.6,2.93,5.6,6.4,10.4,0.53,1.6,nonDRNA
11.56,0.0,4.08,4.76,6.8,4.76,5.44,5.44,6.12,12.24,0.68,4.08,2.72,6.12,3.4,7.48,3.4,7.48,2.04,1.36,nonDRNA
6.29,0.0,3.77,7.55,6.92,6.92,3.77,8.81,6.92,8.18,3.77,3.77,5.03,6.29,3.14,2.52,4.4,8.18,1.26,2.52,nonDRNA
14.11,1.84,6.75,3.68,2.45,6.13,1.84,6.75,6.75,8.59,1.23,2.45,3.68,4.29,4.29,6.75,6.13,9.2,0.61,2.45,nonDRNA
7.97,2.06,5.4,5.91,4.63,6.17,3.08,7.71,4.37,11.31,2.06,7.2,3.6,4.11,4.88,7.2,4.11,4.11,0.77,3.34,nonDRNA
2.36,0.79,3.15,10.24,6.3,8.66,0.79,9.45,11.81,6.3,3.15,5.51,0.79,5.51,1.57,5.51,9.45,7.87,0.0,0.79,nonDRNA
11.55,0.74,5.72,6.67,2.65,8.26,2.33,2.75,1.69,11.86,2.22,0.95,6.46,3.92,8.37,5.93,3.81,9.0,2.54,2.54,nonDRNA
9.03,3.33,4.75,3.17,3.01,9.35,2.38,5.07,3.17,7.92,1.43,2.06,6.81,3.49,4.75,6.81,10.3,8.72,0.95,3.49,DNA
4.73,2.58,3.66,5.38,4.3,4.73,4.52,3.44,5.38,7.74,2.58,5.59,10.32,4.52,3.87,11.18,4.09,6.67,1.72,3.01,nonDRNA
10.65,0.59,3.25,8.58,1.78,5.62,1.18,7.4,6.51,9.47,2.37,3.25,5.03,4.14,2.96,4.73,7.4,8.58,1.48,5.03,RNA
7.98,0.0,4.91,6.13,3.68,3.68,0.61,5.52,1.84,12.88,0.61,6.13,4.91,3.68,6.13,5.52,13.5,7.36,1.23,3.68,nonDRNA
12.41,0.0,3.65,6.57,0.0,11.68,2.92,9.49,7.3,2.92,2.19,2.19,5.84,1.46,10.22,5.84,5.11,6.57,1.46,2.19,nonDRNA
12.96,1.62,7.41,5.56,3.47,8.1,1.85,4.17,3.24,7.87,2.31,2.08,5.09,4.4,6.02,5.56,6.48,7.18,2.08,2.55,nonDRNA
7.73,3.73,4.8,5.6,4.53,10.4,2.67,5.33,8.27,6.93,2.13,3.47,4.8,2.4,2.67,5.33,5.6,11.47,1.33,0.8,nonDRNA
8.84,1.16,6.74,7.21,3.72,6.51,3.72,6.05,3.49,7.91,3.02,3.02,4.42,4.42,6.05,6.28,7.21,5.58,1.86,2.79,RNA
15.0,0.0,6.67,4.17,2.5,7.5,2.5,4.17,9.17,8.33,0.83,4.17,0.83,0.83,9.17,6.67,6.67,8.33,0.0,2.5,nonDRNA
6.41,1.17,5.54,4.08,6.12,5.54,1.17,9.62,2.04,11.08,1.46,5.54,4.96,4.08,6.12,6.71,4.66,7.0,2.92,3.79,nonDRNA
8.66,2.36,4.72,7.28,2.76,7.28,1.97,2.56,1.77,13.39,0.98,1.97,10.24,2.36,4.53,10.24,4.72,6.5,2.95,2.76,nonDRNA
5.04,0.0,7.56,8.4,5.88,6.72,1.68,6.72,6.72,6.72,3.36,7.56,2.52,0.84,5.04,5.88,5.88,9.24,0.84,3.36,nonDRNA
12.04,1.0,4.01,6.02,3.34,7.36,2.34,3.68,5.69,10.37,1.34,5.35,5.02,3.01,4.01,4.01,9.36,7.36,2.01,2.68,nonDRNA
6.94,1.11,7.5,6.39,3.61,4.17,3.33,6.11,5.28,11.94,3.06,3.89,4.72,4.17,5.28,5.56,5.28,6.11,1.39,4.17,nonDRNA
11.45,0.44,5.29,9.69,3.08,13.22,1.76,5.73,4.41,11.89,2.2,0.0,7.05,0.44,6.61,1.32,3.96,9.25,0.0,2.2,DNA
6.05,1.57,5.16,6.73,3.59,5.61,1.35,6.28,6.73,8.74,1.79,7.17,4.71,5.83,4.48,10.76,6.5,4.93,0.67,1.35,nonDRNA
8.65,1.77,5.1,7.21,4.88,8.87,1.77,5.54,6.43,8.87,2.11,4.32,4.66,3.99,4.1,4.77,5.43,8.2,1.22,2.11,nonDRNA
14.72,1.52,9.14,7.11,2.03,6.6,4.06,3.55,2.03,13.71,2.03,1.52,6.09,1.02,7.61,4.06,4.06,5.58,2.54,1.02,nonDRNA
10.91,1.52,5.58,8.38,2.79,5.08,2.54,4.57,6.35,6.09,1.27,2.28,6.35,3.55,10.15,9.39,2.28,6.6,0.51,3.81,nonDRNA
9.33,1.33,3.67,0.67,3.33,10.0,0.33,5.0,2.0,7.0,0.67,7.67,5.33,3.67,2.67,8.67,10.0,12.0,1.33,5.33,nonDRNA
11.78,0.48,7.93,6.73,2.64,6.97,2.64,3.12,0.96,12.26,2.88,1.44,7.69,1.92,10.58,3.85,5.77,6.97,1.44,1.92,nonDRNA
7.92,0.06,7.19,6.23,3.57,8.21,1.87,3.45,8.66,6.9,1.64,6.51,3.17,3.79,3.11,6.28,8.6,6.68,1.98,4.19,nonDRNA
6.5,6.3,4.92,8.07,1.97,5.91,2.36,2.95,3.35,9.06,2.17,2.95,7.09,7.68,7.87,4.33,5.71,6.5,1.57,2.76,nonDRNA
4.46,1.73,4.96,7.31,4.46,3.1,1.86,5.33,8.43,7.68,2.35,4.58,7.19,4.09,3.97,12.76,5.95,4.71,1.24,3.84,nonDRNA
7.43,2.03,7.43,2.7,4.05,7.43,2.7,2.7,8.11,12.16,4.73,4.73,3.38,4.05,1.35,8.78,6.76,7.43,0.68,1.35,nonDRNA
9.27,0.66,2.98,2.65,4.97,10.6,0.99,12.91,3.31,15.56,2.98,4.97,1.99,0.99,1.99,7.28,1.99,9.27,1.32,3.31,nonDRNA
4.82,0.0,7.23,8.43,2.41,4.82,1.2,7.23,10.84,7.23,4.82,2.41,1.2,0.0,3.61,7.23,7.23,16.87,0.0,2.41,nonDRNA
7.14,4.05,2.9,7.34,3.67,6.95,4.05,3.28,5.21,10.81,1.74,2.32,5.21,7.14,7.53,8.88,4.05,4.25,0.39,3.09,nonDRNA
9.43,1.35,6.2,8.09,1.89,8.09,1.35,3.23,2.7,8.89,2.43,2.16,5.66,3.77,9.16,5.39,6.74,5.93,2.7,4.85,nonDRNA
11.94,1.23,5.97,2.14,2.76,10.72,1.53,3.52,3.06,5.97,1.07,5.51,5.21,3.06,4.9,10.11,10.11,6.28,1.68,3.22,RNA
11.7,0.0,5.32,7.45,4.26,5.32,3.19,7.45,11.7,5.32,3.19,3.19,4.26,5.32,6.38,2.13,2.13,8.51,0.0,3.19,RNA
4.86,1.39,13.19,9.03,2.78,9.72,1.39,7.64,11.11,6.94,2.08,6.25,2.08,2.78,6.94,2.08,2.08,4.17,0.69,2.78,DNA
13.24,0.74,2.94,5.15,2.94,5.15,1.47,5.15,9.56,8.82,2.21,0.74,4.41,5.88,13.24,4.41,7.35,4.41,0.0,2.21,nonDRNA
9.35,2.26,6.77,4.84,2.9,11.94,4.19,6.13,2.26,9.68,1.29,1.94,4.19,4.52,6.45,5.81,4.52,7.1,1.61,2.26,nonDRNA
8.42,1.23,6.14,5.09,3.16,8.95,2.28,7.02,5.96,5.96,2.98,4.21,5.44,3.68,4.04,7.37,6.49,7.19,1.23,3.16,nonDRNA
4.65,2.88,3.53,7.69,4.17,4.97,2.08,4.97,7.85,13.14,3.21,4.81,2.24,6.09,3.85,6.41,4.33,7.05,1.6,4.49,nonDRNA
6.91,1.93,5.79,9.49,2.73,7.4,2.57,6.59,8.04,9.65,3.54,1.29,5.31,4.5,6.43,5.31,4.02,5.79,0.16,2.57,nonDRNA
9.3,6.2,5.43,1.55,2.33,9.3,0.78,3.88,5.43,6.2,1.55,10.85,1.55,2.33,7.75,7.75,5.43,5.43,4.65,2.33,nonDRNA
8.74,0.39,5.83,7.77,3.69,9.32,1.94,8.35,6.8,7.77,2.52,3.69,5.44,2.72,4.85,4.08,4.27,8.35,0.39,3.11,nonDRNA
6.63,1.86,4.77,9.55,5.04,8.75,2.92,6.1,7.16,6.37,3.98,5.04,3.18,2.39,5.04,6.1,5.04,4.77,1.86,3.45,nonDRNA
10.0,1.18,4.71,5.29,7.06,6.47,2.94,2.94,2.94,9.41,4.12,2.94,6.47,4.12,3.53,8.82,8.24,7.65,0.59,0.59,nonDRNA
3.7,3.7,4.63,17.59,6.48,4.63,0.0,5.56,10.19,12.04,2.78,3.7,3.7,0.93,7.41,0.93,1.85,6.48,2.78,0.93,nonDRNA
12.17,1.14,3.8,8.37,2.28,11.03,1.52,4.56,4.56,8.75,3.42,3.04,1.9,3.42,7.6,5.32,5.32,8.37,0.38,3.04,RNA
4.52,1.94,6.45,3.87,3.23,8.39,3.87,10.32,10.32,8.39,1.94,5.81,2.58,1.94,9.03,3.23,6.45,4.52,1.29,1.94,nonDRNA
6.88,0.81,7.69,7.29,2.43,6.48,2.83,7.29,7.69,10.53,3.24,4.86,4.45,2.43,4.45,3.64,4.45,6.88,0.81,4.86,nonDRNA
4.7,0.49,6.55,6.3,5.07,7.17,2.1,3.96,4.82,7.05,1.48,4.94,4.57,5.07,7.17,7.79,9.15,6.55,1.61,3.46,nonDRNA
13.41,0.0,5.79,5.49,5.18,6.1,1.52,4.27,7.01,5.79,4.57,2.13,6.1,4.27,5.18,6.1,6.1,7.32,0.91,2.74,nonDRNA
10.36,0.8,4.78,8.37,3.19,6.77,3.59,6.37,4.38,10.36,2.39,3.59,7.17,4.38,4.78,4.38,3.59,5.98,2.39,2.39,nonDRNA
15.51,0.82,4.08,8.16,3.27,7.35,2.86,4.49,1.22,8.98,2.86,2.04,7.35,0.82,8.98,3.27,6.53,8.98,0.82,1.63,RNA
9.02,0.39,3.53,5.49,3.92,3.92,1.57,4.71,16.86,10.59,0.39,4.31,5.88,7.45,5.1,2.35,5.1,7.06,0.78,1.57,nonDRNA
7.48,0.68,5.44,2.72,7.48,14.97,2.04,8.16,7.48,4.08,1.36,2.72,2.72,2.72,0.68,8.16,8.84,7.48,1.36,3.4,nonDRNA
11.65,3.56,6.31,4.69,3.07,8.09,2.59,3.24,1.46,15.53,0.65,2.59,5.66,4.69,8.9,5.02,4.05,4.85,0.97,2.43,nonDRNA
5.77,2.27,5.98,5.77,5.98,6.19,1.86,5.98,7.22,8.66,2.89,6.19,4.95,2.68,4.95,8.45,4.12,6.19,1.44,2.47,nonDRNA
12.2,0.7,5.92,6.27,3.83,8.36,1.74,5.23,4.88,8.71,2.79,2.09,3.48,3.48,6.62,5.57,8.71,6.27,1.05,2.09,nonDRNA
2.41,2.41,8.43,11.45,4.82,6.63,4.82,13.25,6.02,7.23,1.81,6.63,1.81,0.6,2.41,3.01,4.82,7.83,0.6,3.01,nonDRNA
6.38,1.74,6.19,6.58,4.26,6.19,2.32,4.84,4.26,8.7,2.51,3.09,7.16,4.06,4.26,10.44,7.16,6.96,0.39,2.51,nonDRNA
15.77,0.76,5.44,5.69,2.69,6.92,1.86,1.74,1.58,10.4,1.14,1.45,11.25,4.27,8.31,6.07,5.53,6.57,1.01,1.55,nonDRNA
14.96,0.0,4.72,4.72,3.94,11.02,3.15,7.87,0.79,7.09,1.57,3.15,4.72,1.57,8.66,3.15,3.94,11.81,0.79,2.36,nonDRNA
6.76,1.91,4.85,5.37,2.77,7.8,1.91,5.89,6.59,10.05,3.47,3.12,5.03,4.51,4.33,7.8,5.37,6.93,2.95,2.6,nonDRNA
6.92,1.03,4.1,9.49,3.85,7.69,1.79,5.64,4.36,10.51,2.05,3.85,6.67,3.85,5.9,5.9,6.41,7.44,0.77,1.79,nonDRNA
7.74,1.86,5.88,7.12,5.26,5.26,2.79,7.12,8.36,9.29,1.55,3.41,5.88,3.72,4.33,5.26,3.72,6.5,0.93,4.02,nonDRNA
9.19,1.34,7.75,6.71,3.82,8.06,1.76,5.06,6.82,9.5,2.48,3.51,3.62,4.34,5.06,5.06,5.37,7.02,0.83,2.69,nonDRNA
5.43,0.31,7.75,9.46,4.19,6.2,2.95,6.05,7.44,7.75,3.41,4.03,3.88,4.65,5.43,4.5,4.5,6.98,0.93,4.19,nonDRNA
8.13,1.22,5.49,5.69,3.46,8.74,2.24,3.86,3.46,10.37,1.42,1.63,7.93,4.47,8.54,5.89,5.49,8.13,2.24,1.63,DNA
4.99,4.75,2.38,6.18,4.99,5.7,3.33,2.14,8.08,6.18,1.43,4.28,5.94,5.23,9.5,10.21,6.18,5.46,0.71,2.38,nonDRNA
2.42,2.42,3.23,8.87,4.84,4.03,2.42,6.45,8.06,9.68,5.65,7.26,4.84,2.42,5.65,6.45,2.42,6.45,0.0,6.45,nonDRNA
8.78,0.31,6.9,7.52,5.33,8.78,1.88,5.64,3.76,9.72,2.51,2.51,5.02,2.51,7.84,4.39,5.02,8.78,1.57,1.25,nonDRNA
9.16,1.91,4.7,5.46,3.42,8.36,2.47,3.39,3.23,12.27,1.99,2.71,5.58,5.3,5.5,8.32,4.94,7.93,1.23,2.15,nonDRNA
6.77,1.2,3.98,11.75,3.78,8.17,2.39,6.37,7.17,8.37,2.79,2.59,5.78,3.19,5.78,3.19,3.98,5.78,3.19,3.78,nonDRNA
9.09,0.25,7.13,6.14,3.93,6.14,2.21,5.65,6.14,7.62,1.23,4.42,4.42,3.93,4.18,7.13,7.37,7.13,1.23,4.67,nonDRNA
9.37,0.53,4.49,2.11,6.73,9.1,5.41,7.65,2.51,11.08,1.98,2.9,4.35,4.09,3.43,6.46,5.94,5.54,3.69,2.64,nonDRNA
9.2,1.23,4.91,9.2,5.21,9.51,3.07,6.13,4.29,7.36,3.99,2.76,5.21,3.07,5.83,1.53,6.75,6.44,0.61,3.68,nonDRNA
12.55,1.57,7.06,4.31,1.18,7.84,2.75,8.24,2.35,11.37,1.96,2.35,6.67,2.35,6.67,3.92,6.27,7.06,2.35,1.18,nonDRNA
10.4,1.16,5.78,2.89,3.47,13.29,6.36,2.89,6.94,10.98,2.89,4.62,5.2,3.47,1.16,4.05,6.94,5.78,0.58,1.16,nonDRNA
6.72,7.87,2.13,8.03,3.77,7.54,1.48,2.95,4.75,6.89,1.64,4.92,5.74,4.75,2.79,10.82,6.56,5.25,2.46,2.95,nonDRNA
4.03,0.0,5.65,5.65,1.61,9.68,1.61,7.26,5.65,7.26,4.03,2.42,4.03,9.68,6.45,7.26,5.65,9.68,0.81,1.61,nonDRNA
8.06,1.34,5.82,6.87,1.94,9.55,1.19,6.27,7.01,8.06,2.54,1.49,6.87,2.09,4.78,7.46,6.72,9.7,0.6,1.64,nonDRNA
8.4,0.38,5.73,9.54,6.87,6.87,0.76,5.73,7.25,7.63,3.05,3.44,4.58,1.91,6.11,3.05,4.2,9.54,0.38,4.58,nonDRNA
12.53,1.47,4.91,7.62,1.47,11.55,2.46,4.42,2.21,9.09,2.95,1.72,4.67,3.44,7.62,4.67,6.14,9.09,0.74,1.23,nonDRNA
10.19,2.78,5.32,7.87,3.94,8.56,3.47,1.85,6.02,10.65,1.16,2.08,6.48,4.4,4.17,4.63,6.02,5.32,2.08,3.01,nonDRNA
12.01,1.04,6.79,5.74,2.09,11.75,2.87,5.22,2.87,8.62,3.39,1.31,5.22,3.39,6.79,3.39,4.18,9.66,1.83,1.83,nonDRNA
9.12,1.34,4.56,7.24,4.56,7.77,4.29,2.95,3.75,12.33,2.41,2.95,4.83,4.56,6.17,5.63,3.49,8.04,1.34,2.68,nonDRNA
3.41,3.41,6.25,3.41,5.11,3.41,0.57,5.68,4.55,9.66,1.7,3.41,6.82,2.27,6.25,6.25,10.23,9.09,2.27,6.25,nonDRNA
4.74,0.0,3.45,2.16,3.02,12.5,1.29,2.59,3.45,3.88,2.59,8.19,4.74,4.31,3.45,12.07,8.62,9.48,2.59,6.9,nonDRNA
11.9,1.9,6.67,3.81,2.38,14.76,2.38,2.86,6.67,10.48,3.33,3.81,4.76,5.24,2.86,4.76,4.29,4.76,0.0,2.38,nonDRNA
5.45,1.43,4.16,8.18,4.03,7.01,0.65,7.27,8.05,10.26,4.29,4.68,3.64,4.42,6.88,5.58,5.19,4.94,1.56,2.34,nonDRNA
7.07,1.53,4.39,7.74,3.72,7.83,2.67,5.35,5.83,10.89,2.39,3.92,5.73,3.44,4.97,6.59,5.25,6.21,0.86,3.63,nonDRNA
6.64,0.0,5.21,5.69,3.79,8.53,3.79,7.58,8.53,9.95,1.42,7.11,3.79,5.21,1.9,2.84,4.27,4.27,2.37,7.11,nonDRNA
9.29,0.27,4.37,11.2,1.64,6.01,2.46,3.01,6.83,7.92,0.55,3.01,6.56,4.1,7.38,11.2,5.74,6.83,0.27,1.37,nonDRNA
10.74,2.03,4.93,4.35,4.79,7.55,3.77,3.48,2.18,11.03,1.89,3.48,5.81,7.98,6.24,4.93,5.95,4.5,2.32,2.03,nonDRNA
13.44,0.0,3.95,6.72,4.74,11.86,1.58,5.53,3.56,9.09,1.58,3.56,3.16,2.37,5.93,6.32,7.11,8.3,0.0,1.19,nonDRNA
9.94,0.85,5.97,7.1,2.84,7.95,2.84,5.4,4.83,8.24,3.69,3.41,3.69,2.56,6.25,4.83,6.82,7.39,1.99,3.41,nonDRNA
18.68,2.2,4.4,3.3,3.3,4.4,0.0,1.1,12.09,6.59,2.2,0.0,4.4,3.3,1.1,6.59,9.89,14.29,1.1,1.1,nonDRNA
3.77,0.75,5.28,6.42,3.02,7.92,3.02,14.34,6.79,4.53,0.75,8.68,4.15,1.13,3.77,4.15,6.04,10.19,1.51,3.77,nonDRNA
7.39,0.26,6.33,5.01,3.03,8.97,4.09,4.22,4.75,9.89,1.06,6.2,4.35,4.75,6.86,6.86,4.49,5.15,1.32,5.01,nonDRNA
5.18,3.11,3.63,9.84,6.22,2.59,4.15,4.66,7.25,7.77,3.11,1.04,6.74,2.59,7.77,7.77,4.15,7.77,1.55,3.11,nonDRNA
12.99,1.3,5.19,5.84,3.9,10.39,1.3,10.39,5.84,5.19,1.95,6.49,1.95,1.95,3.25,2.6,8.44,8.44,0.65,1.95,nonDRNA
10.16,5.47,5.47,4.69,1.56,14.84,3.91,1.56,0.78,12.5,1.56,3.12,7.03,0.78,7.81,4.69,1.56,9.38,0.78,2.34,nonDRNA
13.93,0.0,2.51,9.82,4.11,9.36,2.74,2.05,3.2,14.61,2.05,1.83,7.53,2.97,5.94,2.51,4.34,7.76,0.23,2.51,nonDRNA
4.31,1.29,5.6,5.17,4.74,7.97,1.51,7.33,7.97,10.78,1.51,4.96,5.82,1.08,4.09,10.56,4.96,6.68,0.0,3.66,nonDRNA
8.47,1.21,8.67,4.03,3.83,7.06,2.42,4.03,7.46,7.46,2.02,5.04,7.46,3.02,3.43,5.65,4.23,8.27,1.81,4.44,nonDRNA
11.08,0.81,5.68,6.49,1.89,7.84,1.62,5.95,3.24,10.54,2.7,2.43,3.78,3.51,5.95,8.38,5.14,9.73,0.81,2.43,nonDRNA
8.06,2.26,5.65,9.03,4.03,3.55,3.71,3.55,7.1,11.94,3.06,3.71,3.39,3.39,4.03,6.94,4.68,4.84,1.45,5.65,nonDRNA
10.24,0.22,7.13,4.45,2.23,8.02,2.23,6.24,3.34,8.69,0.67,6.46,5.12,3.56,3.56,5.12,6.68,6.9,4.45,4.68,nonDRNA
7.4,2.47,4.39,3.75,4.39,7.95,1.28,2.83,3.38,9.23,2.29,3.75,10.42,7.04,4.57,8.41,5.12,7.59,0.09,3.66,nonDRNA
6.32,0.21,6.32,10.32,3.16,7.16,1.47,5.68,8.42,9.05,3.16,5.89,4.42,3.79,4.21,5.26,4.63,5.89,0.63,4.0,nonDRNA
8.11,0.49,5.32,8.84,1.77,4.91,2.21,3.08,7.1,6.22,1.23,2.81,10.04,4.91,7.01,10.78,5.81,7.01,0.3,2.02,nonDRNA
14.74,1.58,6.32,5.26,4.47,9.21,3.95,3.16,1.05,10.79,1.84,1.84,6.58,4.47,8.16,5.26,1.84,6.32,0.79,2.37,RNA
7.24,0.14,5.79,9.55,3.18,8.54,2.32,8.1,5.93,7.09,2.89,1.74,5.5,3.47,6.08,3.18,6.37,9.26,0.43,3.18,nonDRNA
5.86,0.73,2.93,7.33,4.4,6.59,1.47,6.59,8.06,9.89,4.03,6.96,2.93,6.59,2.56,5.49,5.13,7.69,2.2,2.56,nonDRNA
3.12,0.0,5.21,12.5,2.08,2.08,0.0,6.25,7.29,11.46,4.17,5.21,1.04,8.33,3.12,8.33,9.38,7.29,1.04,2.08,RNA
10.95,1.46,3.65,2.92,2.19,12.41,0.0,5.11,8.03,6.57,4.38,5.84,5.11,1.46,7.3,7.3,2.19,10.22,1.46,1.46,RNA
6.27,1.32,3.3,7.59,4.62,5.94,0.33,6.93,6.27,7.59,2.64,2.97,8.25,5.94,8.25,6.93,5.28,5.61,1.98,1.98,nonDRNA
7.06,0.0,5.88,5.1,3.92,5.49,0.0,4.31,12.55,10.2,2.75,5.1,4.31,2.75,1.57,8.24,7.45,7.84,1.96,3.53,nonDRNA
